post=massage;

name=sinaAds;

page=23333;

NowDate=Sat May 01 2021 21:42:24 GMT+0800 (ä¸­å›½æ ‡å‡†æ—¶é—´);

U_TRS1=000000c3.54c9363c.60771180.033b23c1;

UOR=www.baidu.com,blog.sina.com.cn,;

SINAGLOBAL=117.150.214.195_1618416002.733201;

UM_distinctid=179032844d4b2-0f8fd4abd27464-c3f3568-1fa400-179032844d54f4;
SCF=Aujwfj7crOcHIYayS-xSmG44wofxAMe5D-fp7pMVEAtTNYJlhCklRLRHw42qDPaFloSbOqFpS2U3cQjxsy6O09E.;
vjuids=745b751a4.1791e25b6ee.0.79c9862a145ca;
sso_info=v02m6alo5qztKWRk5yljpOQpZCToKWRk5iljoOgpZCjnLWOg5S4jaOguY6DnLSJp5WpmYO0tY6DlLiNo6C5joOctA==;
CNZZDATA1279129440=2127676595-1619704336-https%253A%252F%252Fmail.sina.com.cn%252F%7C1619872541;
SUB=_2A25NiSrhDeRhGeNG7loX-CfEzDiIHXVu_xsprDV_PUNbm9AKLVjRkW9NSyouyYaw7vCPDEk-ekj2oYY6SDu5D1l1;
SUBP=0033WrSXqPxfM725Ws9jqgMF55529P9D9W5WJLIUfr7.Os._AeE2SZj-5NHD95Qf1h-RSon41hMXWs4Dqcjgi--fi-2fiKLWi--NiKnfi-i2SKBNe7tt;
ALF=1651412529;
SWM_SMPL=2_K%2FRgxxnesvv0zFuWpnUrcwAw7KWM%2Fy7zmjCtSG8PcyJWyFdTUZv2aR44jrAvzFRaNsWV4tGB9EIF15IOdZ18PQ%3D%3D;
SWEBAPPSESSID=3f6e4613f19f4b32b389275b93ab69647;
vjlast=1619876533;
Apache=117.150.211.39_1619876532.214087;
ULV=1619876532942:8:4:5:117.150.211.39_1619876532.214087:1619876532608


webim_unReadCount:%7B%22time%22%3A1619878083116%2C%22dm_pub_total%22%3A0%2C%22chat_group_client%22%3A0%2C%22chat_group_notice%22%3A0%2C%22allcountNum%22%3A5%2C%22msgbox%22%3A0%7D;
WBtopGlobal_register_version:91c79ed46b5606b9;
SINAGLOBAL:7972394541868.464.1619878081295;
Apache:7972394541868.464.1619878081295;
_s_tentry:-;
wb_view_log_5858689874:1920*10801;
wvr:6;
ALF:1651414069;
SUB:_2A25NiRDlDeRhGeNG7loX-CfEzDiIHXVu_wUtrDV8PUNbmtAKLUbwkW9NSyouyYbjzd0zr6kKNzAqRHRSbQPjapzI;
SSOLoginState:1619878069;
ULV:1619878081419:1:1:1:7972394541868.464.1619878081295:;
SUBP:0033WrSXqPxfM725Ws9jqgMF55529P9D9W5WJLIUfr7.Os._AeE2SZj-5JpX5K2hUgL.Fo-RSKnc1h.RS0B2dJLoIpqLxK-LBK-L1-2LxKML1h-LB.BfShM0;
SCF:AhKUa42ZBLT9l-CeNq_4R0cMriBMLTU8XQ3BYbeOVqzWFl5DGOLUNJk2asj0a82Juxw9D7ddi9iAH0toGwR9I1o.;




SINAGLOBAL=7275690382884.49.1618922819947;
_ga=GA1.2.826918709.1619252479;
UOR=www.google.com.hk,weibo.com,login.sina.com.cn;
wvr=6;
SCF=Aujwfj7crOcHIYayS-xSmG44wofxAMe5D-fp7pMVEAtTdR8y7JqhPL-9lzJbG3gjOqKeamko0xHEXxUYjlu9vm8.;
SUB=_2A25NiSriDeRhGeNG7loX-CfEzDiIHXVu_xsqrDV8PUNbmtANLRb3kW9NSyouyYPBaf2gJGJrt69b0MvmBbSmqJRP;
SUBP=0033WrSXqPxfM725Ws9jqgMF55529P9D9W5WJLIUfr7.Os._AeE2SZj-5JpX5KMhUgL.Fo-RSKnc1h.RS0B2dJLoIpqLxK-LBK-L1-2LxKML1h-LB.BfShM0;
ALF=1651412529;
SSOLoginState=1619876530;
_s_tentry=-;
Apache=204580354544.07718.1619876681751;
ULV=1619876681785:13:2:4:204580354544.07718.1619876681751:1619871180898;
webim_unReadCount=%7B%22time%22%3A1619876686673%2C%22dm_pub_total%22%3A0%2C%22chat_group_client%22%3A0%2C%22chat_group_notice%22%3A0%2C%22allcountNum%22%3A1%2C%22msgbox%22%3A0%7D